image_width: 1280
image_height: 960
camera_name: narrow_stereo/left
camera_matrix:
  rows: 3
  cols: 3
  data: [1139.562962, 0, 660.826366, 0, 1132.887764, 485.525586, 0, 0, 1]
distortion_model: plumb_bob
distortion_coefficients:
  rows: 1
  cols: 5
  data: [0.15828, -0.246002, 0.006509, 0.01501, 0]
rectification_matrix:
  rows: 3
  cols: 3
  data: [1, 0, 0, 0, 1, 0, 0, 0, 1]
projection_matrix:
  rows: 3
  cols: 4
  data: [1167.830566, 0, 677.05736, 0, 0, 1173.755004, 490.02028, 0, 0, 0, 1, 0]
