# oST version 5.0 parameters


[image]

width
640

height
480

[narrow_stereo/left]

camera matrix
563.330173 0.000000 348.263175
0.000000 562.385259 211.849113
0.000000 0.000000 1.000000

distortion
-0.420824 0.198419 -0.002077 -0.002366 0.000000

rectification
1.000000 0.000000 0.000000
0.000000 1.000000 0.000000
0.000000 0.000000 1.000000

projection
478.097198 0.000000 354.720101 0.000000
0.000000 511.941589 205.331278 0.000000
0.000000 0.000000 1.000000 0.000000

